8.838 137.735 90.000 0 0 0 0 0 0 0 0
9.439 137.726 90.511 0 0 0 0 0 0 0 0
10.040 137.718 91.022 0 0 0 0 0 0 0 0
10.641 137.709 91.532 0 0 0 0 0 0 0 0
11.242 137.700 92.043 0 0 0 0 0 0 0 0
11.843 137.692 92.554 0 0 0 0 0 0 0 0
12.444 137.683 93.065 0 0 0 0 0 0 0 0
13.044 137.674 93.576 0 0 0 0 0 0 0 0
13.645 137.665 94.087 0 0 0 0 0 0 0 0
14.246 137.657 94.597 0 0 0 0 0 0 0 0
14.847 137.648 95.108 0 0 0 0 0 0 0 0
15.448 137.639 95.619 0 0 0 0 0 0 0 0
16.049 137.631 96.130 0 0 0 0 0 0 0 0
16.650 137.622 96.641 0 0 0 0 0 0 0 0
17.250 137.613 97.152 0 0 0 0 0 0 0 0
17.851 137.604 97.662 0 0 0 0 0 0 0 0
18.452 137.596 98.173 0 0 0 0 0 0 0 0
19.053 137.587 98.684 0 0 0 0 0 0 0 0
19.654 137.578 99.195 0 0 0 0 0 0 0 0
20.255 137.570 99.706 0 0 0 0 0 0 0 0
20.856 137.561 100.216 0 0 0 0 0 0 0 0
21.457 137.552 100.727 0 0 0 0 0 0 0 0
22.057 137.543 101.238 0 0 0 0 0 0 0 0
22.658 137.535 101.749 0 0 0 0 0 0 0 0
23.259 137.526 102.260 0 0 0 0 0 0 0 0
23.860 137.517 102.771 0 0 0 0 0 0 0 0
24.461 137.509 103.281 0 0 0 0 0 0 0 0
25.062 137.500 103.792 0 0 0 0 0 0 0 0
25.663 137.491 104.303 0 0 0 0 0 0 0 0
26.263 137.482 104.814 0 0 0 0 0 0 0 0
26.864 137.474 105.325 0 0 0 0 0 0 0 0
27.465 137.465 105.835 0 0 0 0 0 0 0 0
28.066 137.456 106.346 0 0 0 0 0 0 0 0
28.667 137.447 106.857 0 0 0 0 0 0 0 0
29.268 137.439 107.368 0 0 0 0 0 0 0 0
29.869 137.430 107.879 0 0 0 0 0 0 0 0
30.470 137.421 108.390 0 0 0 0 0 0 0 0
31.070 137.413 108.900 0 0 0 0 0 0 0 0
31.671 137.404 109.411 0 0 0 0 0 0 0 0
32.272 137.395 109.922 0 0 0 0 0 0 0 0
32.873 137.386 110.433 0 0 0 0 0 0 0 0
33.474 137.378 110.944 0 0 0 0 0 0 0 0
34.075 137.369 111.455 0 0 0 0 0 0 0 0
34.676 137.360 111.965 0 0 0 0 0 0 0 0
35.276 137.352 112.476 0 0 0 0 0 0 0 0
35.877 137.343 112.987 0 0 0 0 0 0 0 0
36.478 137.334 113.498 0 0 0 0 0 0 0 0
37.079 137.325 114.009 0 0 0 0 0 0 0 0
37.680 137.317 114.519 0 0 0 0 0 0 0 0
38.281 137.308 115.030 0 0 0 0 0 0 0 0
38.882 137.299 115.541 0 0 0 0 0 0 0 0
39.483 137.291 116.052 0 0 0 0 0 0 0 0
40.083 137.282 116.563 0 0 0 0 0 0 0 0
40.684 137.273 117.074 0 0 0 0 0 0 0 0
41.285 137.264 117.584 0 0 0 0 0 0 0 0
41.886 137.256 118.095 0 0 0 0 0 0 0 0
42.487 137.247 118.606 0 0 0 0 0 0 0 0
43.088 137.238 119.117 0 0 0 0 0 0 0 0
43.689 137.230 119.628 0 0 0 0 0 0 0 0
44.289 137.221 120.138 0 0 0 0 0 0 0 0
44.890 137.212 120.649 0 0 0 0 0 0 0 0
45.491 137.203 121.160 0 0 0 0 0 0 0 0
46.092 137.195 121.671 0 0 0 0 0 0 0 0
46.693 137.186 122.182 0 0 0 0 0 0 0 0
47.294 137.177 122.693 0 0 0 0 0 0 0 0
47.895 137.169 123.203 0 0 0 0 0 0 0 0
48.496 137.160 123.714 0 0 0 0 0 0 0 0
49.096 137.151 124.225 0 0 0 0 0 0 0 0
49.697 137.142 124.736 0 0 0 0 0 0 0 0
50.298 137.134 125.247 0 0 0 0 0 0 0 0
50.899 137.125 125.758 0 0 0 0 0 0 0 0
51.500 137.116 126.268 0 0 0 0 0 0 0 0
52.101 137.107 126.779 0 0 0 0 0 0 0 0
52.702 137.099 127.290 0 0 0 0 0 0 0 0
53.302 137.090 127.801 0 0 0 0 0 0 0 0
53.903 137.081 128.312 0 0 0 0 0 0 0 0
54.504 137.073 128.822 0 0 0 0 0 0 0 0
55.105 137.064 129.333 0 0 0 0 0 0 0 0
55.706 137.055 129.844 0 0 0 0 0 0 0 0
56.307 137.046 130.355 0 0 0 0 0 0 0 0
56.908 137.038 130.866 0 0 0 0 0 0 0 0
57.509 137.029 131.377 0 0 0 0 0 0 0 0
58.109 137.020 131.887 0 0 0 0 0 0 0 0
58.710 137.012 132.398 0 0 0 0 0 0 0 0
59.311 137.003 132.909 0 0 0 0 0 0 0 0
59.912 136.994 133.420 0 0 0 0 0 0 0 0
60.513 136.985 133.931 0 0 0 0 0 0 0 0
61.114 136.977 134.441 0 0 0 0 0 0 0 0
61.715 136.968 134.952 0 0 0 0 0 0 0 0
62.316 136.959 135.463 0 0 0 0 0 0 0 0
62.916 136.951 135.974 0 0 0 0 0 0 0 0
63.517 136.942 136.485 0 0 0 0 0 0 0 0
64.118 136.933 136.996 0 0 0 0 0 0 0 0
64.719 136.924 137.506 0 0 0 0 0 0 0 0
65.320 136.916 138.017 0 0 0 0 0 0 0 0
65.921 136.907 138.528 0 0 0 0 0 0 0 0
66.522 136.898 139.039 0 0 0 0 0 0 0 0
67.122 136.890 139.550 0 0 0 0 0 0 0 0
67.723 136.881 140.061 0 0 0 0 0 0 0 0
68.324 136.872 140.571 0 0 0 0 0 0 0 0
68.925 136.863 141.082 0 0 0 0 0 0 0 0
69.526 136.855 141.593 0 0 0 0 0 0 0 0
70.127 136.846 142.104 0 0 0 0 0 0 0 0
70.728 136.837 142.615 0 0 0 0 0 0 0 0
71.329 136.829 143.125 0 0 0 0 0 0 0 0
71.929 136.820 143.636 0 0 0 0 0 0 0 0
72.530 136.811 144.147 0 0 0 0 0 0 0 0
73.131 136.802 144.658 0 0 0 0 0 0 0 0
73.732 136.794 145.169 0 0 0 0 0 0 0 0
74.333 136.785 145.680 0 0 0 0 0 0 0 0  
74.934 136.776 146.190 0 0 0 0 0 0 0 0
75.535 136.767 146.701 0 0 0 0 0 0 0 0
76.135 136.759 147.212 0 0 0 0 0 0 0 0
76.736 136.750 147.723 0 0 0 0 0 0 0 0
77.337 136.741 148.234 0 0 0 0 0 0 0 0
77.938 136.733 148.744 0 0 0 0 0 0 0 0
78.539 136.724 149.255 0 0 0 0 0 0 0 0
79.140 136.715 149.766 0 0 0 0 0 0 0 0
79.741 136.706 150.277 0 0 0 0 0 0 0 0
80.342 136.698 150.788 0 0 0 0 0 0 0 0
80.942 136.689 151.299 0 0 0 0 0 0 0 0
81.543 136.680 151.809 0 0 0 0 0 0 0 0
82.144 136.672 152.320 0 0 0 0 0 0 0 0
82.745 136.663 152.831 0 0 0 0 0 0 0 0
83.346 136.654 153.342 0 0 0 0 0 0 0 0
83.947 136.645 153.853 0 0 0 0 0 0 0 0
84.548 136.637 154.364 0 0 0 0 0 0 0 0
85.148 136.628 154.874 0 0 0 0 0 0 0 0
85.749 136.619 155.385 0 0 0 0 0 0 0 0
86.350 136.611 155.896 0 0 0 0 0 0 0 0
86.951 136.602 156.407 0 0 0 0 0 0 0 0
87.552 136.593 156.918 0 0 0 0 0 0 0 0
88.153 136.584 157.428 0 0 0 0 0 0 0 0
88.754 136.576 157.939 0 0 0 0 0 0 0 0
89.355 136.567 158.450 0 0 0 0 0 0 0 0
89.955 136.558 158.961 0 0 0 0 0 0 0 0
90.556 136.550 159.472 0 0 0 0 0 0 0 0
91.157 136.541 159.983 0 0 0 0 0 0 0 0
91.758 136.532 160.493 0 0 0 0 0 0 0 0
92.359 136.523 161.004 0 0 0 0 0 0 0 0
92.960 136.515 161.515 0 0 0 0 0 0 0 0
93.561 136.506 162.026 0 0 0 0 0 0 0 0
94.161 136.497 162.537 0 0 0 0 0 0 0 0
94.762 136.488 163.047 0 0 0 0 0 0 0 0
95.363 136.480 163.558 0 0 0 0 0 0 0 0
95.964 136.471 164.069 0 0 0 0 0 0 0 0
96.565 136.462 164.580 0 0 0 0 0 0 0 0
97.166 136.454 165.091 0 0 0 0 0 0 0 0
97.767 136.445 165.602 0 0 0 0 0 0 0 0
98.368 136.436 166.112 0 0 0 0 0 0 0 0
98.968 136.427 166.623 0 0 0 0 0 0 0 0
99.569 136.419 167.134 0 0 0 0 0 0 0 0
100.170 136.410 167.645 0 0 0 0 0 0 0 0
100.771 136.401 168.156 0 0 0 0 0 0 0 0
101.372 136.393 168.667 0 0 0 0 0 0 0 0
101.973 136.384 169.177 0 0 0 0 0 0 0 0
102.574 136.375 169.688 0 0 0 0 0 0 0 0
103.174 136.366 170.199 0 0 0 0 0 0 0 0
103.775 136.358 170.710 0 0 0 0 0 0 0 0
104.376 136.349 171.221 0 0 0 0 0 0 0 0
104.977 136.340 171.731 0 0 0 0 0 0 0 0
105.578 136.332 172.242 0 0 0 0 0 0 0 0
106.179 136.323 172.753 0 0 0 0 0 0 0 0
106.780 136.314 173.264 0 0 0 0 0 0 0 0
107.381 136.305 173.775 0 0 0 0 0 0 0 0
107.981 136.297 174.286 0 0 0 0 0 0 0 0
108.582 136.288 174.796 0 0 0 0 0 0 0 0
109.183 136.279 175.307 0 0 0 0 0 0 0 0
109.784 136.271 175.818 0 0 0 0 0 0 0 0
110.385 136.262 176.329 0 0 0 0 0 0 0 0
110.986 136.253 176.840 0 0 0 0 0 0 0 0
111.587 136.244 177.350 0 0 0 0 0 0 0 0
112.187 136.236 177.861 0 0 0 0 0 0 0 0
112.788 136.227 178.372 0 0 0 0 0 0 0 0
113.389 136.218 178.883 0 0 0 0 0 0 0 0
113.401 135.619 178.883 0 0 0 0 0 0 0 0
113.413 135.020 178.883 0 0 0 0 0 0 0 0
113.424 134.421 178.883 0 0 0 0 0 0 0 0
113.436 133.822 178.883 0 0 0 0 0 0 0 0
113.448 133.223 178.883 0 0 0 0 0 0 0 0
113.459 132.624 178.883 0 0 0 0 0 0 0 0
113.471 132.025 178.883 0 0 0 0 0 0 0 0
113.483 131.426 178.883 0 0 0 0 0 0 0 0
113.494 130.827 178.883 0 0 0 0 0 0 0 0
113.506 130.228 178.883 0 0 0 0 0 0 0 0
113.518 129.629 178.883 0 0 0 0 0 0 0 0
113.529 129.029 178.883 0 0 0 0 0 0 0 0
113.541 128.430 178.883 0 0 0 0 0 0 0 0
113.553 127.831 178.883 0 0 0 0 0 0 0 0
113.564 127.232 178.883 0 0 0 0 0 0 0 0
113.576 126.633 178.883 0 0 0 0 0 0 0 0
113.588 126.034 178.883 0 0 0 0 0 0 0 0
113.599 125.435 178.883 0 0 0 0 0 0 0 0
113.611 124.836 178.883 0 0 0 0 0 0 0 0
113.623 124.237 178.883 0 0 0 0 0 0 0 0
113.635 123.638 178.883 0 0 0 0 0 0 0 0
113.646 123.039 178.883 0 0 0 0 0 0 0 0
113.658 122.440 178.883 0 0 0 0 0 0 0 0
113.670 121.841 178.883 0 0 0 0 0 0 0 0
113.681 121.242 178.883 0 0 0 0 0 0 0 0
113.693 120.643 178.883 0 0 0 0 0 0 0 0
113.705 120.043 178.883 0 0 0 0 0 0 0 0
113.716 119.444 178.883 0 0 0 0 0 0 0 0
113.728 118.845 178.883 0 0 0 0 0 0 0 0
113.740 118.246 178.883 0 0 0 0 0 0 0 0
113.751 117.647 178.883 0 0 0 0 0 0 0 0
113.763 117.048 178.883 0 0 0 0 0 0 0 0
113.775 116.449 178.883 0 0 0 0 0 0 0 0
113.786 115.850 178.883 0 0 0 0 0 0 0 0
113.798 115.251 178.883 0 0 0 0 0 0 0 0
113.810 114.652 178.883 0 0 0 0 0 0 0 0
113.821 114.053 178.883 0 0 0 0 0 0 0 0
113.833 113.454 178.883 0 0 0 0 0 0 0 0
113.845 112.855 178.883 0 0 0 0 0 0 0 0
113.856 112.256 178.883 0 0 0 0 0 0 0 0
113.868 111.657 178.883 0 0 0 0 0 0 0 0
113.880 111.058 178.883 0 0 0 0 0 0 0 0
113.892 110.458 178.883 0 0 0 0 0 0 0 0
113.903 109.859 178.883 0 0 0 0 0 0 0 0
113.915 109.260 178.883 0 0 0 0 0 0 0 0
113.927 108.661 178.883 0 0 0 0 0 0 0 0
113.938 108.062 178.883 0 0 0 0 0 0 0 0
113.950 107.463 178.883 0 0 0 0 0 0 0 0
113.962 106.864 178.883 0 0 0 0 0 0 0 0
113.973 106.265 178.883 0 0 0 0 0 0 0 0
113.985 105.666 178.883 0 0 0 0 0 0 0 0
113.997 105.067 178.883 0 0 0 0 0 0 0 0
114.008 104.468 178.883 0 0 0 0 0 0 0 0
114.020 103.869 178.883 0 0 0 0 0 0 0 0
114.032 103.270 178.883 0 0 0 0 0 0 0 0
114.043 102.671 178.883 0 0 0 0 0 0 0 0
114.055 102.072 178.883 0 0 0 0 0 0 0 0
114.067 101.472 178.883 0 0 0 0 0 0 0 0
114.078 100.873 178.883 0 0 0 0 0 0 0 0
114.090 100.274 178.883 0 0 0 0 0 0 0 0
114.102 99.675 178.883 0 0 0 0 0 0 0 0
114.113 99.076 178.883 0 0 0 0 0 0 0 0
114.125 98.477 178.883 0 0 0 0 0 0 0 0
114.137 97.878 178.883 0 0 0 0 0 0 0 0
114.148 97.279 178.883 0 0 0 0 0 0 0 0
114.160 96.680 178.883 0 0 0 0 0 0 0 0
114.172 96.081 178.883 0 0 0 0 0 0 0 0
114.184 95.482 178.883 0 0 0 0 0 0 0 0
114.195 94.883 178.883 0 0 0 0 0 0 0 0
114.207 94.284 178.883 0 0 0 0 0 0 0 0
114.219 93.685 178.883 0 0 0 0 0 0 0 0
114.230 93.086 178.883 0 0 0 0 0 0 0 0
114.242 92.487 178.883 0 0 0 0 0 0 0 0
114.254 91.887 178.883 0 0 0 0 0 0 0 0
114.265 91.288 178.883 0 0 0 0 0 0 0 0
114.277 90.689 178.883 0 0 0 0 0 0 0 0
114.289 90.090 178.883 0 0 0 0 0 0 0 0
114.300 89.491 178.883 0 0 0 0 0 0 0 0
114.312 88.892 178.883 0 0 0 0 0 0 0 0
114.324 88.293 178.883 0 0 0 0 0 0 0 0
114.335 87.694 178.883 0 0 0 0 0 0 0 0
114.347 87.095 178.883 0 0 0 0 0 0 0 0
114.359 86.496 178.883 0 0 0 0 0 0 0 0
114.370 85.897 178.883 0 0 0 0 0 0 0 0
114.382 85.298 178.883 0 0 0 0 0 0 0 0
114.394 84.699 178.883 0 0 0 0 0 0 0 0
114.405 84.100 178.883 0 0 0 0 0 0 0 0
114.417 83.501 178.883 0 0 0 0 0 0 0 0
114.429 82.901 178.883 0 0 0 0 0 0 0 0
114.441 82.302 178.883 0 0 0 0 0 0 0 0
114.452 81.703 178.883 0 0 0 0 0 0 0 0
114.464 81.104 178.883 0 0 0 0 0 0 0 0
114.476 80.505 178.883 0 0 0 0 0 0 0 0
114.487 79.906 178.883 0 0 0 0 0 0 0 0
114.499 79.307 178.883 0 0 0 0 0 0 0 0
114.511 78.708 178.883 0 0 0 0 0 0 0 0
114.522 78.109 178.883 0 0 0 0 0 0 0 0
114.534 77.510 178.883 0 0 0 0 0 0 0 0
114.546 76.911 178.883 0 0 0 0 0 0 0 0
114.557 76.312 178.883 0 0 0 0 0 0 0 0
114.569 75.713 178.883 0 0 0 0 0 0 0 0
114.581 75.114 178.883 0 0 0 0 0 0 0 0
114.592 74.515 178.883 0 0 0 0 0 0 0 0
114.604 73.916 178.883 0 0 0 0 0 0 0 0
114.616 73.316 178.883 0 0 0 0 0 0 0 0
114.627 72.717 178.883 0 0 0 0 0 0 0 0
114.639 72.118 178.883 0 0 0 0 0 0 0 0
114.651 71.519 178.883 0 0 0 0 0 0 0 0
114.662 70.920 178.883 0 0 0 0 0 0 0 0
114.674 70.321 178.883 0 0 0 0 0 0 0 0
114.686 69.722 178.883 0 0 0 0 0 0 0 0
114.698 69.123 178.883 0 0 0 0 0 0 0 0
114.709 68.524 178.883 0 0 0 0 0 0 0 0
114.721 67.925 178.883 0 0 0 0 0 0 0 0
114.733 67.326 178.883 0 0 0 0 0 0 0 0
114.744 66.727 178.883 0 0 0 0 0 0 0 0
114.756 66.128 178.883 0 0 0 0 0 0 0 0
114.768 65.529 178.883 0 0 0 0 0 0 0 0
114.779 64.930 178.883 0 0 0 0 0 0 0 0
114.791 64.330 178.883 0 0 0 0 0 0 0 0
114.803 63.731 178.883 0 0 0 0 0 0 0 0
114.814 63.132 178.883 0 0 0 0 0 0 0 0
114.826 62.533 178.883 0 0 0 0 0 0 0 0
114.838 61.934 178.883 0 0 0 0 0 0 0 0
114.849 61.335 178.883 0 0 0 0 0 0 0 0
114.861 60.736 178.883 0 0 0 0 0 0 0 0
114.873 60.137 178.883 0 0 0 0 0 0 0 0
114.884 59.538 178.883 0 0 0 0 0 0 0 0
114.896 58.939 178.883 0 0 0 0 0 0 0 0
114.908 58.340 178.883 0 0 0 0 0 0 0 0
114.919 57.741 178.883 0 0 0 0 0 0 0 0
114.931 57.142 178.883 0 0 0 0 0 0 0 0
114.943 56.543 178.883 0 0 0 0 0 0 0 0
114.954 55.944 178.883 0 0 0 0 0 0 0 0
114.966 55.345 178.883 0 0 0 0 0 0 0 0
114.978 54.745 178.883 0 0 0 0 0 0 0 0
114.990 54.146 178.883 0 0 0 0 0 0 0 0
115.001 53.547 178.883 0 0 0 0 0 0 0 0
115.013 52.948 178.883 0 0 0 0 0 0 0 0
115.025 52.349 178.883 0 0 0 0 0 0 0 0
115.036 51.750 178.883 0 0 0 0 0 0 0 0
115.048 51.151 178.883 0 0 0 0 0 0 0 0
115.060 50.552 178.883 0 0 0 0 0 0 0 0
115.071 49.953 178.883 0 0 0 0 0 0 0 0
115.083 49.354 178.883 0 0 0 0 0 0 0 0
115.095 48.755 178.883 0 0 0 0 0 0 0 0
115.106 48.156 178.883 0 0 0 0 0 0 0 0
115.118 47.557 178.883 0 0 0 0 0 0 0 0
115.130 46.958 178.883 0 0 0 0 0 0 0 0
115.141 46.359 178.883 0 0 0 0 0 0 0 0
115.153 45.759 178.883 0 0 0 0 0 0 0 0
115.165 45.160 178.883 0 0 0 0 0 0 0 0
115.176 44.561 178.883 0 0 0 0 0 0 0 0
115.188 43.962 178.883 0 0 0 0 0 0 0 0
115.200 43.363 178.883 0 0 0 0 0 0 0 0
115.211 42.764 178.883 0 0 0 0 0 0 0 0
115.223 42.165 178.883 0 0 0 0 0 0 0 0
115.235 41.566 178.883 0 0 0 0 0 0 0 0
115.247 40.967 178.883 0 0 0 0 0 0 0 0
115.258 40.368 178.883 0 0 0 0 0 0 0 0
115.270 39.769 178.883 0 0 0 0 0 0 0 0
115.282 39.170 178.883 0 0 0 0 0 0 0 0
115.293 38.571 178.883 0 0 0 0 0 0 0 0
115.305 37.972 178.883 0 0 0 0 0 0 0 0
115.317 37.373 178.883 0 0 0 0 0 0 0 0
115.328 36.774 178.883 0 0 0 0 0 0 0 0
115.340 36.174 178.883 0 0 0 0 0 0 0 0
115.352 35.575 178.883 0 0 0 0 0 0 0 0
115.363 34.976 178.883 0 0 0 0 0 0 0 0
115.375 34.377 178.883 0 0 0 0 0 0 0 0
115.387 33.778 178.883 0 0 0 0 0 0 0 0
115.398 33.179 178.883 0 0 0 0 0 0 0 0
115.410 32.580 178.883 0 0 0 0 0 0 0 0
115.422 31.981 178.883 0 0 0 0 0 0 0 0
115.433 31.382 178.883 0 0 0 0 0 0 0 0
115.445 30.783 178.883 0 0 0 0 0 0 0 0
115.457 30.184 178.883 0 0 0 0 0 0 0 0
115.468 29.585 178.883 0 0 0 0 0 0 0 0
115.480 28.986 178.883 0 0 0 0 0 0 0 0
115.492 28.387 178.883 0 0 0 0 0 0 0 0
115.503 27.788 178.883 0 0 0 0 0 0 0 0
115.515 27.188 178.883 0 0 0 0 0 0 0 0
115.527 26.589 178.883 0 0 0 0 0 0 0 0
115.539 25.990 178.883 0 0 0 0 0 0 0 0
115.550 25.391 178.883 0 0 0 0 0 0 0 0
115.562 24.792 178.883 0 0 0 0 0 0 0 0
115.574 24.193 178.883 0 0 0 0 0 0 0 0
115.585 23.594 178.883 0 0 0 0 0 0 0 0
115.597 22.995 178.883 0 0 0 0 0 0 0 0
115.609 22.396 178.883 0 0 0 0 0 0 0 0
115.620 21.797 178.883 0 0 0 0 0 0 0 0
115.632 21.198 178.883 0 0 0 0 0 0 0 0
115.644 20.599 178.883 0 0 0 0 0 0 0 0
115.655 20.000 178.883 0 0 0 0 0 0 0 0
115.667 19.401 178.883 0 0 0 0 0 0 0 0
115.679 18.802 178.883 0 0 0 0 0 0 0 0
115.690 18.203 178.883 0 0 0 0 0 0 0 0
115.702 17.603 178.883 0 0 0 0 0 0 0 0
115.714 17.004 178.883 0 0 0 0 0 0 0 0
115.725 16.405 178.883 0 0 0 0 0 0 0 0
115.737 15.806 178.883 0 0 0 0 0 0 0 0
115.749 15.207 178.883 0 0 0 0 0 0 0 0
115.760 14.608 178.883 0 0 0 0 0 0 0 0
